      0/19        0G   0.08614   0.01987   0.02506    0.1311        30       640  0.001678   0.05952 0.0004514 5.436e-05    0.1258    0.0394   0.02705
      1/19        0G    0.0873   0.02174    0.0254    0.1344         6       640  0.003511   0.04762  0.001251 0.0001845    0.1218   0.04006   0.02622
      2/19        0G   0.08346   0.02276   0.02404    0.1303        14       640   0.01081    0.0452  0.003026  0.001274    0.1168   0.04228   0.02484
      3/19        0G   0.07943   0.02408   0.02237    0.1259        29       640   0.06363   0.08513   0.01911  0.006055    0.1141   0.04333   0.02391
      4/19        0G   0.07751   0.02391    0.0205    0.1219        12       640   0.02659    0.0698  0.009223  0.001798    0.1135   0.04146   0.02323
      5/19        0G   0.07725   0.02451   0.01872    0.1205        26       640    0.0423    0.1005   0.02205  0.005939    0.1129    0.0419   0.02261
      6/19        0G   0.07328   0.02467   0.01753    0.1155        25       640    0.0558    0.1416   0.03696   0.01043    0.1098   0.04375   0.02233
      7/19        0G   0.07057   0.02315    0.0156    0.1093        10       640   0.04414    0.2447   0.03732   0.00741     0.108   0.04415   0.02206
      8/19        0G   0.06753   0.02337   0.01386    0.1048         6       640    0.3413    0.2121   0.09378   0.01722    0.1055    0.0441   0.02097
      9/19        0G   0.06915   0.02275   0.01375    0.1057        34       640    0.6174    0.3431    0.1675    0.0332    0.1049   0.04406   0.02083
     10/19        0G   0.06774   0.02077   0.01292    0.1014         6       640    0.6204    0.3885    0.1771   0.03517    0.1078   0.04097    0.0204
     11/19        0G   0.06407   0.01987   0.01159   0.09553         8       640    0.3942    0.4349    0.2321   0.06124    0.1042    0.0407   0.01947
     12/19        0G   0.06403   0.02276  0.009677   0.09647        17       640    0.4418    0.4176    0.2967   0.08165    0.1053   0.03878   0.01911
     13/19        0G   0.05978   0.01934  0.008896   0.08802        28       640    0.4636    0.4037    0.2887    0.0744    0.1018   0.03952   0.01903
     14/19        0G   0.06063   0.01985  0.009246   0.08973        21       640    0.7612    0.4422    0.3343    0.1043    0.1012   0.03951   0.01866
     15/19        0G   0.05966   0.01877  0.008355   0.08678        18       640    0.7691    0.4555     0.332    0.1042   0.09915   0.03924    0.0184
     16/19        0G   0.05886   0.02048  0.008092   0.08743        22       640    0.7721    0.4486    0.3279   0.08913   0.09923   0.03871   0.01843
     17/19        0G   0.05573   0.01883  0.007483   0.08204        12       640    0.7742    0.4418    0.3398    0.1185   0.09799   0.03869   0.01845
     18/19        0G   0.05469   0.01798  0.007083   0.07975         2       640    0.7814    0.4452    0.3483    0.1146   0.09711   0.03868   0.01832
     19/19        0G   0.05783   0.01874  0.008082   0.08465        34       640    0.7935    0.4418    0.3482    0.1117   0.09815   0.03841   0.01825
